[121.668262446, 31.1452531825] : 121.672537706164,31.143092990452
[121.66993544, 31.1452398906] : 121.674213867188,31.14308295356
[121.654081468, 31.1508790831] : 121.658330349393,31.148695475261
[121.65521388, 31.1510416172] : 121.659465332032,31.148860677084
[121.656283684, 31.1511927169] : 121.660537380643,31.149013400608
[121.657436816, 31.1513559852] : 121.661692437066,31.149178873698
[121.671343139, 31.1561423672] : 121.675625542535,31.153993326823
[121.672158591, 31.1431625663] : 121.676441786025,31.141009385851
[121.672821466, 31.1429898392] : 121.67710530599,31.140837402344
[121.673056672, 31.1410483201] : 121.677341579862,31.138894856771
[121.673195845, 31.1422409236] : 121.677481011285,31.140088975695
[121.673484059, 31.1413177933] : 121.67776936849,31.139165852865
[121.672771123, 31.1421415143] : 121.677055392796,31.139988878039
[121.669771547, 31.1452216442] : 121.674050564237,31.143064778646
[121.670580215, 31.1455241427] : 121.67486029731,31.143368598091
[121.668987306, 31.1454705545] : 121.673263888889,31.143312445747
[121.649110497, 31.147457642] : 121.65335015191,31.145263943143
[121.649450455, 31.1485840601] : 121.653690863716,31.146391330296
[121.650471247, 31.1492552447] : 121.654713812935,31.147064344619
[121.650797233, 31.1425134936] : 121.655039876303,31.140319281685
[121.652000718, 31.1374154864] : 121.656245388455,31.135220540365
[121.654428124, 31.1393869107] : 121.65867702908,31.137198079428
[121.650047928, 31.1494175364] : 121.654289822049,31.1472265625
[121.674558886, 31.1444253975] : 121.678846842448,31.142276475695
[121.6754351, 31.1447065688] : 121.679724392362,31.142560221355
[121.676105482, 31.1449182537] : 121.68039577908,31.142772623698
[121.649156609, 31.1465332445] : 121.653397081164,31.144338650174
[121.6495045, 31.1454877617] : 121.653745659723,31.143293457032
[121.649924164, 31.1443559042] : 121.65416531033,31.142161729601
[121.650240254, 31.1435199938] : 121.654481608073,31.141325954862
[121.651345824, 31.1418397638] : 121.655589463976,31.139646809896
[121.652058822, 31.1411459405] : 121.656303710938,31.138953721789
[121.653897305, 31.1385015932] : 121.658144802518,31.136311577691
[121.654027591, 31.1378631455] : 121.658276095921,31.135672471789
[121.655517383, 31.1401550759] : 121.659767795139,31.137968478733
[121.656836814, 31.1389253232] : 121.661090223525,31.136740180122
[121.657307528, 31.1382112682] : 121.661562228733,31.136026746962
[121.653023367, 31.1372570338] : 121.657269151476,31.135064561632
[121.653043726, 31.1379356172] : 121.65729031033,31.135743815105
[121.656200756, 31.1388204768] : 121.660453016494,31.136634114584
[121.657848121, 31.1383690634] : 121.662103135851,31.136185709636
[121.658343076, 31.1376432971] : 121.662599012587,31.135460340712
[121.656400242, 31.1404191403] : 121.660652398004,31.13823404948
[121.653096644, 31.1404818889] : 121.657343478733,31.138291015625
[121.658636184, 31.1515260372] : 121.662893608941,31.149351128473
[121.659549571, 31.1516573044] : 121.663809407553,31.14948404948
[121.660351086, 31.1513772364] : 121.664611816407,31.149205186632
[121.660855585, 31.1526527335] : 121.665118001303,31.150482855903
[121.66098088, 31.1532993831] : 121.665243326823,31.151129286025
[121.661216788, 31.1507263067] : 121.665479600695,31.148555501303
[121.662758538, 31.145640064] : 121.667023925782,31.143469780816
[121.660688617, 31.1518193022] : 121.664950358073,31.149648166233
[121.658615863, 31.151133704] : 121.662873806424,31.148958875869
